45 44 44 45 45 45 44 44 45 45 44 44 44 44 44 44 46 46 46 46 46 46 46 46 45 45 46 46 46 46 47 47 49 49 49 48 48 47 47 47 48 48 48 48 48 48 48 48 50 49 49 48 48 49 51 52 51 50 49 48 48 49 50 51 50 50 50 50 50 50 50 50 49 49 49 49 49 49 49 49 51 51 51 51 51 51 51 51 50 50 50 50 50 50 50 50 50 50 51 51
44 44 44 44 44 44 44 44 44 44 44 44 44 44 44 44 46 46 46 46 46 46 46 46 45 45 46 46 46 46 47 47 49 49 49 48 48 47 47 47 48 48 48 48 48 48 48 48 49 49 49 49 49 50 50 51 50 50 49 49 49 49 50 50 50 50 50 50 50 50 50 50 50 50 50 50 50 50 50 50 51 51 51 51 51 51 51 51 50 50 50 50 50 50 50 50 50 50 51 51
44 44 44 44 44 44 44 44 44 44 44 44 44 44 44 44 46 46 46 46 46 46 46 46 45 45 46 46 46 46 47 47 49 49 48 48 48 48 47 47 48 48 48 48 48 48 48 48 48 49 49 50 50 50 50 50 49 49 50 50 50 50 49 49 50 50 50 50 50 50 50 50 50 50 50 50 50 50 50 50 51 51 51 51 51 51 51 51 50 50 50 50 50 50 50 50 50 50 51 51
44 44 44 44 44 44 44 44 44 44 44 44 44 44 44 44 46 46 46 46 46 46 46 46 45 45 46 46 46 46 47 47 48 48 48 48 48 48 48 48 49 49 49 49 49 49 49 49 48 48 50 51 51 50 50 49 48 49 50 51 51 50 49 48 50 50 50 50 50 50 50 50 50 50 50 50 50 50 50 50 51 51 51 51 51 51 51 51 50 50 50 50 50 50 50 50 50 50 51 51
44 44 44 44 44 44 44 44 44 44 44 44 44 44 44 44 46 46 46 46 46 46 46 46 45 45 46 46 46 46 47 47 48 48 48 48 48 48 48 48 49 49 49 49 49 49 49 49 48 48 50 51 51 50 50 49 48 49 50 51 51 50 49 48 50 50 50 50 50 50 50 50 50 50 50 50 50 50 50 50 51 51 51 51 51 51 51 51 50 50 50 50 50 50 50 50 50 50 51 51
44 44 44 44 44 44 44 44 44 44 44 44 44 44 44 44 46 46 46 46 46 46 46 46 45 45 46 46 46 46 47 47 47 47 48 48 48 48 49 49 49 49 49 49 49 49 49 49 48 49 49 50 50 50 50 50 49 49 50 50 50 50 49 49 50 50 50 50 50 50 50 50 51 51 51 51 51 51 51 51 51 51 51 51 51 51 51 51 50 50 50 50 50 50 50 50 50 50 51 51
44 44 44 44 44 44 44 44 44 44 44 44 44 44 44 44 46 46 46 46 46 46 46 46 45 45 46 46 46 46 47 47 47 47 47 48 48 49 49 49 49 49 49 49 49 49 49 49 49 49 49 49 49 50 50 51 50 50 49 49 49 49 50 50 50 50 50 50 50 50 50 50 51 51 51 51 51 51 51 51 51 51 51 51 51 51 51 51 50 50 50 50 50 50 50 50 50 50 51 51
44 44 44 44 44 44 44 44 44 44 44 44 44 44 44 44 46 46 46 46 46 46 46 46 45 45 46 46 46 46 47 47 47 47 47 48 48 49 49 49 50 50 50 50 50 50 50 50 50 49 49 48 48 49 51 51 51 50 49 48 48 49 50 51 50 50 50 50 50 50 50 50 51 51 51 51 51 51 51 51 51 51 51 51 51 51 51 51 50 50 50 50 50 50 50 50 50 50 51 51
43 43 43 43 43 43 43 43 44 44 44 44 44 44 44 44 46 46 46 46 46 46 46 46 46 46 46 46 46 46 46 46 50 50 50 50 50 50 50 50 50 50 50 50 50 50 50 50 50 50 50 50 50 51 51 51 51 51 51 51 51 51 51 51 50 50 49 49 49 49 50 50 51 51 51 51 51 51 51 51 51 51 51 51 51 51 51 51 51 51 51 51 51 51 51 51 51 51 51 51
43 43 43 43 43 43 43 43 44 44 44 44 44 44 44 44 46 46 46 46 46 46 46 46 46 46 46 46 46 46 46 46 50 50 50 50 50 50 50 50 50 50 50 50 50 50 50 50 50 50 50 50 50 51 51 51 51 51 51 51 51 51 51 51 50 50 49 49 49 49 50 50 51 51 51 51 51 51 51 51 51 51 51 51 51 51 51 51 51 51 51 51 51 51 51 51 51 51 51 51
43 43 43 43 43 43 43 43 44 44 44 44 44 44 44 44 46 46 46 46 46 46 46 46 46 46 46 46 46 46 46 46 50 50 50 50 50 50 50 50 50 50 50 50 50 50 50 50 50 50 50 50 50 51 51 51 51 51 51 51 51 51 51 51 50 50 49 49 49 49 50 50 51 51 51 51 51 51 51 51 51 51 51 51 51 51 51 51 51 51 51 51 51 51 51 51 51 51 51 51
43 43 43 43 43 43 43 43 44 44 44 44 44 44 44 44 46 46 46 46 46 46 46 46 47 47 47 47 47 47 47 47 50 50 50 50 50 50 50 50 50 50 50 50 50 50 50 50 50 50 50 50 50 51 51 51 51 51 51 51 51 51 51 51 51 50 50 49 49 50 50 51 51 51 51 51 51 51 51 51 51 51 51 51 51 51 51 51 51 51 51 51 51 51 51 51 51 51 51 51
43 43 43 43 43 43 43 43 44 44 44 44 44 44 44 44 46 46 46 46 46 46 46 46 47 47 47 47 47 47 47 47 50 50 50 50 50 50 50 50 50 50 50 50 50 50 50 50 50 50 50 50 50 51 51 51 51 51 51 51 51 51 51 51 51 51 50 50 50 50 51 51 51 51 51 51 51 51 51 51 51 51 51 51 51 51 51 51 51 51 51 51 51 51 51 51 51 51 51 51
43 43 43 43 43 43 43 43 44 44 44 44 44 44 44 44 46 46 46 46 46 46 46 46 47 47 47 47 47 47 47 47 50 50 50 50 50 50 50 50 50 50 50 50 50 50 50 50 50 50 50 50 50 51 51 51 51 51 51 51 51 51 51 51 51 51 50 50 50 50 51 51 51 51 51 51 51 51 51 51 51 51 51 51 51 51 51 51 51 51 51 51 51 51 51 51 51 51 51 51
43 43 43 43 43 43 43 43 44 44 44 44 44 44 44 44 46 46 46 46 46 46 46 46 47 47 47 47 47 47 47 47 50 50 50 50 50 50 50 50 50 50 50 50 50 50 50 50 50 50 50 50 50 51 51 51 51 51 51 51 51 51 51 51 52 51 51 50 50 51 51 52 51 51 51 51 51 51 51 51 51 51 51 51 51 51 51 51 51 51 51 51 51 51 51 51 51 51 51 51
43 43 43 43 43 43 43 43 44 44 44 44 44 44 44 44 46 46 46 46 46 46 46 46 48 48 48 48 48 48 48 48 50 50 50 50 50 50 50 50 50 50 50 50 50 50 50 50 50 50 50 50 50 51 51 51 51 51 51 51 51 51 51 51 52 51 51 50 50 51 51 52 51 51 51 51 51 51 51 51 51 51 51 51 51 51 51 51 51 51 51 51 51 51 51 51 51 51 51 51
43 43 43 43 43 43 43 43 44 45 46 46 44 44 45 46 46 49 49 50 50 50 50 50 47 48 49 51 51 51 50 49 50 50 50 50 50 51 51 51 49 49 49 49 49 49 49 49 50 50 50 50 50 50 50 50 51 51 51 51 51 51 51 51 51 51 51 51 51 51 51 51 51 51 51 51 51 51 51 51 51 51 51 51 51 51 51 51 51 51 51 51 51 51 51 51 51 51 51 51
43 43 43 43 43 43 43 43 44 45 45 45 44 43 44 45 48 49 49 50 50 50 50 50 47 48 49 50 51 51 50 49 50 50 50 50 50 51 51 51 50 50 50 50 50 50 50 50 50 50 50 50 50 50 50 50 51 51 51 51 51 51 51 51 51 51 51 51 51 51 51 51 51 51 51 51 51 51 51 51 51 51 51 51 51 51 51 51 51 51 51 51 51 51 51 51 51 51 51 51
44 44 44 44 44 44 44 44 43 44 45 44 43 43 43 44 48 49 49 50 50 50 50 50 48 49 49 50 50 50 50 49 50 50 50 50 50 51 51 51 50 50 50 50 50 50 50 50 51 51 51 51 51 51 51 51 51 51 51 51 51 51 51 51 51 51 51 51 51 51 51 51 51 51 51 51 51 51 51 51 51 51 51 51 51 51 51 51 51 51 51 51 51 51 51 51 51 51 51 51
44 44 44 44 44 44 44 44 42 43 44 44 42 42 43 44 48 49 49 50 50 50 50 50 49 49 49 50 50 50 50 49 50 50 50 50 50 51 51 51 50 50 50 50 50 50 50 50 51 51 51 51 51 51 51 51 51 51 51 51 51 51 51 51 51 51 51 51 51 51 51 51 51 51 51 51 51 51 51 51 51 51 51 51 51 51 51 51 51 51 51 51 51 51 51 51 51 51 51 51
44 44 44 44 44 44 44 44 42 43 44 44 42 42 43 44 48 49 49 50 50 50 50 50 50 50 50 49 49 49 49 50 50 50 50 50 50 51 51 51 50 50 50 50 50 50 50 50 51 51 51 51 51 51 51 51 51 51 51 51 51 51 51 51 51 51 51 51 51 51 51 51 51 51 51 51 51 51 51 51 51 51 51 51 51 51 51 51 51 51 51 51 51 51 51 51 51 51 51 51
45 45 45 45 45 45 45 45 43 44 45 44 43 43 43 46 48 49 49 50 50 50 50 50 51 50 50 49 49 49 49 50 50 50 50 50 50 51 51 51 51 51 51 51 51 51 51 51 52 52 52 52 52 52 52 52 51 51 51 51 51 51 51 51 51 51 51 51 51 51 51 51 51 51 51 51 51 51 51 51 51 51 51 51 51 51 51 51 51 51 51 51 51 51 51 51 51 51 51 51
47 47 47 47 47 47 47 47 46 47 47 47 46 45 46 47 48 49 49 50 50 50 50 50 52 51 50 49 48 48 49 50 50 50 50 50 50 51 51 51 51 51 51 51 51 51 51 51 52 52 52 52 52 52 52 52 51 51 51 51 51 51 51 51 51 51 51 51 51 51 51 51 51 51 51 51 51 51 51 51 51 51 51 51 51 51 51 51 51 51 51 51 51 51 51 51 51 51 51 51
47 47 47 47 47 47 47 47 46 47 48 48 46 46 47 48 48 49 49 50 50 50 50 50 52 51 50 48 48 48 49 50 50 50 50 50 50 51 51 51 51 51 51 51 51 51 51 51 52 52 52 52 52 52 52 52 51 51 51 51 51 51 51 51 51 51 51 51 51 51 51 51 51 51 51 51 51 51 51 51 51 51 51 51 51 51 51 51 51 51 51 51 51 51 51 51 51 51 51 51
47 47 47 47 47 47 47 47 47 47 47 47 48 48 48 48 50 50 50 50 50 50 50 50 50 50 50 50 50 50 50 50 51 51 51 51 51 51 51 51 50 50 50 50 50 50 50 50 51 51 51 51 51 51 51 51 51 51 51 51 51 51 51 51 51 51 51 51 51 51 51 51 51 51 51 51 51 51 51 51 51 51 51 51 51 51 51 51 51 51 51 51 51 51 51 51 51 51 51 51
47 47 47 47 47 47 47 47 47 47 47 47 48 48 48 48 50 50 50 50 50 50 50 50 50 50 50 50 50 50 50 50 51 51 51 51 51 51 51 51 50 50 50 50 50 50 50 50 51 51 51 51 51 51 51 51 51 51 51 51 51 51 51 51 51 51 51 51 51 51 51 51 51 51 51 51 51 51 51 51 51 51 51 51 51 51 51 51 51 51 51 51 51 51 51 51 51 51 51 51
49 49 49 49 49 49 49 49 49 49 49 49 50 50 50 50 50 50 50 50 50 50 50 50 50 50 50 50 50 50 50 50 51 51 51 51 51 51 51 51 51 51 51 51 51 51 51 51 51 51 51 51 51 51 51 51 51 51 51 51 51 51 51 51 51 51 51 51 51 51 51 51 51 51 51 51 51 51 51 51 51 51 51 51 51 51 51 51 51 51 51 51 51 51 51 51 51 51 51 51
49 49 49 49 49 49 49 49 49 49 49 49 50 50 50 50 50 50 50 50 50 50 50 50 50 50 50 50 50 50 50 50 51 51 51 51 51 51 51 51 51 51 51 51 51 51 51 51 51 51 51 51 51 51 51 51 51 51 51 51 51 51 51 51 51 51 51 51 51 51 51 51 51 51 51 51 51 51 51 51 51 51 51 51 51 51 51 51 51 51 51 51 51 51 51 51 52 52 52 52
49 49 49 49 49 49 49 49 49 49 49 49 50 50 50 50 50 50 50 50 50 50 50 50 50 50 50 50 50 50 50 50 51 51 51 51 51 51 51 51 51 51 51 51 51 51 51 51 51 51 51 51 51 51 51 51 51 51 51 51 51 51 51 51 51 51 51 51 51 51 51 51 51 51 51 51 51 51 51 51 51 51 51 51 51 51 51 51 51 51 51 51 51 51 51 51 52 52 52 52
49 49 49 49 49 49 49 49 49 49 49 49 50 50 50 50 50 50 50 50 50 50 50 50 50 50 50 50 50 50 50 50 51 51 51 51 51 51 51 51 52 52 52 52 52 52 52 52 51 51 51 51 51 51 51 51 51 51 51 51 51 51 51 51 51 51 51 51 51 51 51 51 51 51 51 51 51 51 51 51 51 51 51 51 51 51 51 51 51 51 51 51 51 51 51 51 52 52 52 52
49 49 49 49 49 49 49 49 49 49 49 49 50 50 50 50 50 50 50 50 50 50 50 50 50 50 50 50 50 50 50 50 51 51 51 51 51 51 51 51 52 52 52 52 52 52 52 52 51 51 51 51 51 51 51 51 51 51 51 51 51 51 51 51 51 51 51 51 51 51 51 51 51 51 51 51 51 51 51 51 51 51 51 51 51 51 51 51 51 51 51 51 51 51 51 51 52 52 52 52
49 49 49 49 49 49 49 49 49 49 49 49 50 50 50 50 50 50 50 50 50 50 50 50 50 50 50 50 50 50 50 50 51 51 51 51 51 51 51 51 52 52 52 52 52 52 52 52 51 51 51 51 51 51 51 51 51 51 51 51 51 51 51 51 51 51 51 51 51 51 51 51 51 51 51 51 51 51 51 51 51 51 51 51 51 51 51 51 51 51 51 51 51 51 51 51 53 53 53 53
49 49 49 49 49 49 49 49 49 49 49 49 49 49 49 49 49 49 50 50 50 50 49 49 50 50 50 50 50 50 50 50 51 51 51 51 51 51 51 51 51 51 51 51 51 51 51 51 51 51 51 51 51 51 51 51 51 51 51 51 51 51 51 51 51 51 51 51 51 51 51 51 51 51 51 51 51 51 51 51 51 51 51 51 51 51 51 51 50 50 51 51 51 51 52 52 54 54 54 54
49 49 49 49 49 49 49 49 49 49 49 49 49 49 49 49 49 49 50 50 50 50 49 49 50 50 50 50 50 50 50 50 51 51 51 51 51 51 51 51 51 51 51 51 51 51 51 51 51 51 51 51 51 51 51 51 51 51 51 51 51 51 51 51 51 51 51 51 51 51 51 51 51 51 51 51 51 51 51 51 51 51 51 51 51 51 51 51 50 50 51 51 51 51 52 52 54 54 54 54
49 49 49 49 49 49 49 49 49 49 49 49 49 49 49 49 49 49 50 50 50 50 49 49 50 50 50 50 50 50 50 50 51 51 51 51 51 51 51 51 51 51 51 51 51 51 51 51 51 51 51 51 51 51 51 51 51 51 51 51 51 51 51 51 51 51 51 51 51 51 51 51 51 51 51 51 51 51 51 51 51 51 51 51 51 51 51 51 50 50 51 51 51 51 52 52 54 54 54 54
50 50 50 50 50 50 50 50 49 49 49 49 49 49 49 49 49 50 50 51 51 50 50 49 50 50 50 50 50 50 50 50 51 51 51 51 51 51 51 51 51 51 51 51 51 51 51 51 51 51 51 51 51 51 51 51 51 51 51 51 51 51 51 51 51 51 51 51 51 51 51 51 51 51 51 51 51 51 51 51 51 51 51 51 51 51 51 51 50 50 51 51 51 51 52 52 54 54 54 54
51 51 51 51 51 51 51 51 50 50 50 50 50 50 50 50 50 50 51 51 51 51 50 50 50 50 50 50 50 50 50 50 51 51 51 51 51 51 51 51 51 51 51 51 51 51 51 51 51 51 51 51 51 51 51 51 51 51 51 51 51 51 51 51 51 51 51 51 51 51 51 51 51 51 51 51 51 51 51 51 51 51 51 51 51 51 51 51 50 50 51 51 51 51 52 52 54 54 54 54
51 51 51 51 51 51 51 51 50 50 50 50 50 50 50 50 50 50 51 51 51 51 50 50 50 50 50 50 50 50 50 50 51 51 51 51 51 51 51 51 51 51 51 51 51 51 51 51 51 51 51 51 51 51 51 51 51 51 51 51 51 51 51 51 51 51 51 51 51 51 51 51 51 51 51 51 51 51 51 51 51 51 51 51 51 51 51 51 50 50 51 51 51 51 52 52 54 54 54 54
52 52 52 52 52 52 52 52 50 50 50 50 50 50 50 50 50 51 51 52 52 51 51 50 50 50 50 50 50 50 50 50 51 51 51 51 51 51 51 51 51 51 51 51 51 51 51 51 51 51 51 51 51 51 51 51 51 51 51 51 51 51 51 51 51 51 51 51 51 51 51 51 51 51 51 51 51 51 51 51 51 51 51 51 51 51 51 51 50 50 51 51 51 51 52 52 54 54 54 54
52 52 52 52 52 52 52 52 50 50 50 50 50 50 50 50 50 51 51 52 52 51 51 50 50 50 50 50 50 50 50 50 51 51 51 51 51 51 51 51 51 51 51 51 51 51 51 51 51 51 51 51 51 51 51 51 51 51 51 51 51 51 51 51 51 51 51 51 51 51 51 51 51 51 51 51 51 51 51 51 51 51 51 51 51 51 51 51 50 50 51 51 51 51 52 52 54 54 54 54
49 49 49 49 49 49 49 49 51 51 51 51 51 51 51 51 51 51 51 51 51 51 51 51 52 51 51 50 50 51 51 52 51 51 51 51 51 51 51 51 51 51 51 51 51 51 51 51 51 51 51 51 51 51 51 51 50 50 50 51 51 52 52 52 51 51 51 51 51 51 51 51 52 52 52 51 51 50 50 50 50 50 50 51 51 51 51 51 52 52 52 52 52 52 52 52 54 54 54 54
50 50 50 50 50 50 50 50 51 51 51 51 51 51 51 51 51 51 51 51 51 51 51 51 52 51 51 50 50 51 51 52 51 51 51 51 51 51 51 51 51 51 51 51 51 51 51 51 51 51 51 51 51 51 51 51 50 50 50 51 51 52 52 52 51 51 51 51 51 51 51 51 52 52 52 51 51 50 50 50 51 51 51 51 51 52 52 52 52 52 52 52 52 52 52 52 54 54 54 54
50 50 50 50 50 50 50 50 51 51 51 51 51 51 51 51 51 51 51 51 51 51 51 51 52 51 51 50 50 51 51 52 51 51 51 51 51 51 51 51 51 51 51 51 51 51 51 51 51 51 51 51 51 51 51 51 50 50 51 51 51 51 52 52 51 51 51 51 51 51 51 51 52 52 51 51 51 51 50 50 51 52 52 52 52 53 53 53 52 52 52 52 52 52 52 52 54 54 54 54
50 50 50 50 50 50 50 50 51 51 51 51 51 51 51 51 51 51 51 51 51 51 51 51 52 51 51 50 50 51 51 52 51 51 51 51 51 51 51 51 51 51 51 51 51 51 51 51 51 51 51 51 51 51 51 51 51 51 51 51 51 51 51 51 51 51 51 51 51 51 51 51 51 51 51 51 51 51 51 51 52 52 52 53 53 53 53 53 52 52 52 52 52 52 52 52 54 54 54 54
50 50 50 50 50 50 50 50 51 51 51 51 51 51 51 51 51 51 51 51 51 51 51 51 52 51 51 50 50 51 51 52 51 51 51 51 51 51 51 51 51 51 51 51 51 51 51 51 51 51 51 51 51 51 51 51 51 51 51 51 51 51 51 51 51 51 51 51 51 51 51 51 51 51 51 51 51 51 51 51 52 52 52 53 53 53 53 53 52 52 52 52 52 52 52 52 54 54 54 54
51 51 51 51 51 51 51 51 51 51 51 51 51 51 51 51 51 51 51 51 51 51 51 51 52 51 51 50 50 51 51 52 51 51 51 51 51 51 51 51 51 51 51 51 51 51 51 51 51 51 51 51 51 51 51 51 52 52 51 51 51 51 50 50 51 51 51 51 51 51 51 51 50 50 51 51 51 51 52 52 51 52 52 52 52 53 53 53 52 52 52 52 52 52 52 52 54 54 54 54
51 51 51 51 51 51 51 51 51 51 51 51 51 51 51 51 51 51 51 51 51 51 51 51 52 51 51 50 50 51 51 52 51 51 51 51 51 51 51 51 51 51 51 51 51 51 51 51 51 51 51 51 51 51 51 51 52 52 52 51 51 50 50 50 51 51 51 51 51 51 51 51 50 50 50 51 51 52 52 52 51 51 51 51 51 52 52 52 52 52 52 52 52 52 52 52 54 54 54 54
51 51 51 51 51 51 51 51 51 51 51 51 51 51 51 51 51 51 51 51 51 51 51 51 52 51 51 50 50 51 51 52 51 51 51 51 51 51 51 51 51 51 51 51 51 51 51 51 51 51 51 51 51 51 51 51 52 52 52 51 51 50 50 50 51 51 51 51 51 51 51 51 50 50 50 51 51 52 52 52 50 50 50 51 51 51 51 51 52 52 52 52 52 52 52 52 54 54 54 54
51 51 51 51 51 51 51 51 51 51 51 51 51 51 51 51 51 51 51 51 51 51 51 51 51 51 51 51 51 51 51 51 51 51 51 51 51 51 51 51 51 51 51 51 51 51 51 51 53 53 52 52 52 51 51 51 52 52 52 52 52 52 52 52 52 54 56 55 53 52 53 55 54 53 52 53 55 55 55 54 54 54 54 55 55 55 55 55 55 55 54 54 54 53 53 53 54 54 54 54
51 51 51 51 51 51 51 51 51 51 51 51 51 51 51 51 51 51 51 51 51 51 51 51 51 51 51 51 51 51 51 51 51 51 51 51 51 51 51 51 51 51 51 51 51 51 51 51 53 53 52 52 52 51 51 51 52 52 52 52 52 52 52 52 52 54 55 55 53 52 53 55 54 53 52 53 54 55 54 53 54 54 54 54 55 55 55 55 55 55 54 54 54 53 53 53 54 54 54 54
51 51 51 51 51 51 51 51 51 51 51 51 51 51 51 51 51 51 51 51 51 51 51 51 51 51 51 51 51 51 51 51 51 51 51 51 51 51 51 51 51 51 51 51 51 51 51 51 52 52 52 52 52 51 51 51 52 52 52 52 52 52 52 52 53 54 55 54 53 53 54 55 55 54 53 53 54 55 54 52 54 54 54 54 54 55 55 55 54 54 54 54 54 53 53 53 54 54 54 54
51 51 51 51 51 51 51 51 51 51 51 51 51 51 51 51 51 51 51 51 51 51 51 51 51 51 51 51 51 51 51 51 51 51 51 51 51 51 51 51 51 51 51 51 51 51 51 51 52 52 52 52 52 52 52 51 52 52 52 52 52 52 52 52 53 54 54 54 54 53 54 54 56 54 53 53 54 54 53 52 53 53 54 54 54 54 54 55 54 54 54 54 54 54 54 53 54 54 54 54
51 51 51 51 51 51 51 51 51 51 51 51 51 51 51 51 51 51 51 51 51 51 51 51 51 51 51 51 51 51 51 51 51 51 51 51 51 51 51 51 51 51 51 51 51 51 51 51 52 52 52 52 52 52 52 52 52 52 52 52 52 52 52 52 54 54 53 54 54 54 54 53 56 54 53 53 54 54 53 52 53 53 53 53 54 54 54 54 54 54 54 54 54 54 54 54 54 54 54 54
51 51 51 51 51 51 51 51 51 51 51 51 51 51 51 51 51 51 51 51 51 51 51 51 51 51 51 51 51 51 51 51 51 51 51 51 51 51 51 51 51 51 51 51 51 51 51 51 51 51 51 52 52 52 52 52 52 52 52 52 52 52 52 52 55 54 53 53 54 55 54 53 55 54 53 53 54 55 54 52 53 53 53 53 53 54 54 54 53 53 53 54 54 54 54 54 54 54 54 54
51 51 51 51 51 51 51 51 51 51 51 51 51 51 51 51 51 51 51 51 51 51 51 51 51 51 51 51 51 51 51 51 51 51 51 51 51 51 51 51 51 51 51 51 51 51 51 51 51 51 51 52 52 52 53 53 52 52 52 52 52 52 52 52 55 53 52 53 55 55 54 52 54 53 52 53 54 55 54 53 52 52 53 53 53 53 54 54 53 53 53 54 54 54 55 55 54 54 54 54
51 51 51 51 51 51 51 51 51 51 51 51 51 51 51 51 51 51 51 51 51 51 51 51 51 51 51 51 51 51 51 51 51 51 51 51 51 51 51 51 51 51 51 51 51 51 51 51 51 51 51 52 52 52 53 53 52 52 52 52 52 52 52 52 55 53 52 53 55 56 54 52 53 53 52 53 55 55 55 54 52 52 52 53 53 53 53 54 53 53 53 54 54 54 55 55 54 54 54 54
51 51 51 51 51 51 51 51 51 51 51 51 51 51 51 51 51 51 51 51 51 51 51 51 51 51 51 52 52 52 52 52 53 53 52 52 52 51 51 51 51 51 51 51 51 51 51 51 52 52 52 52 52 52 52 52 53 53 52 52 52 51 51 51 54 54 53 53 53 53 54 54 52 53 53 53 54 54 55 55 54 54 54 54 54 54 54 54 55 55 55 55 55 55 55 55 55 55 55 55
51 51 51 51 51 51 51 51 51 51 51 51 51 51 51 51 51 51 51 51 51 51 51 51 51 51 51 52 52 52 52 52 53 53 52 52 52 51 51 51 51 51 51 51 51 51 51 51 52 52 52 52 52 52 52 52 53 53 52 52 52 51 51 51 55 55 54 54 54 54 55 55 53 53 53 54 54 54 55 55 54 54 54 54 54 54 54 54 55 55 55 55 55 55 55 55 55 55 55 55
51 51 51 51 51 51 51 51 51 51 51 51 51 51 51 51 51 51 51 51 51 51 51 51 51 51 51 52 52 52 52 52 52 52 52 52 52 51 51 51 51 51 51 51 51 51 51 51 52 52 52 52 52 52 52 52 52 52 52 52 52 51 51 51 56 56 55 55 55 55 56 56 53 53 54 54 54 54 55 55 54 54 54 54 54 54 54 54 55 55 55 55 55 55 55 55 55 55 55 55
51 51 51 51 51 51 51 51 51 51 51 51 51 51 51 51 51 51 51 51 51 51 51 51 51 51 51 52 52 52 52 52 52 52 52 52 52 52 52 51 52 52 52 52 52 52 52 52 52 52 52 52 52 52 52 52 52 52 52 52 52 52 52 51 56 55 55 54 54 55 55 56 54 54 54 54 54 54 55 55 54 54 54 54 54 54 54 54 55 55 55 55 55 55 55 55 55 55 55 55
51 51 51 51 51 51 51 51 51 51 51 51 51 51 51 51 51 51 51 51 51 51 51 51 51 51 51 52 52 52 52 52 52 52 52 52 52 52 52 52 52 52 52 52 52 52 52 52 52 52 52 52 52 52 52 52 52 52 52 52 52 52 52 52 55 54 54 53 53 54 54 55 55 55 55 55 55 55 54 54 55 55 55 55 55 55 55 55 55 55 55 55 55 55 55 55 55 55 55 55
51 51 51 51 51 51 51 51 51 51 51 51 51 51 51 51 51 51 51 51 51 51 51 51 51 51 51 52 52 52 52 52 51 51 51 52 52 52 52 52 52 52 52 52 52 52 52 52 52 52 52 52 52 52 52 52 51 51 51 52 52 52 52 52 54 54 53 53 53 53 54 54 56 56 55 55 55 55 54 54 55 55 55 55 55 55 55 55 55 55 55 55 55 55 55 55 55 55 55 55
51 51 51 51 51 51 51 51 51 51 51 51 51 51 51 51 51 51 51 51 51 51 51 51 51 51 51 52 52 52 52 52 51 51 51 52 52 52 53 53 52 52 52 52 52 52 52 52 52 52 52 52 52 52 52 52 51 51 51 52 52 52 53 53 55 55 54 54 54 54 55 55 56 56 56 55 55 55 54 54 55 55 55 55 55 55 55 55 55 55 55 55 55 55 55 55 55 55 55 55
51 51 51 51 51 51 51 51 51 51 51 51 51 51 51 51 51 51 51 51 51 51 51 51 51 51 51 52 52 52 52 52 51 51 51 52 52 52 53 53 53 53 53 53 53 53 53 53 52 52 52 52 52 52 52 52 51 51 51 52 52 52 53 53 56 56 55 55 55 55 56 56 57 56 56 56 55 55 54 54 55 55 55 55 55 55 55 55 55 55 55 55 55 55 55 55 55 55 55 55
51 52 52 52 52 52 52 51 52 52 52 52 52 52 52 52 53 53 53 53 53 53 53 53 53 53 53 53 53 53 53 53 54 54 54 53 53 54 54 54 53 53 53 54 54 54 54 54 54 54 55 55 55 55 54 54 52 52 53 53 54 55 55 56 55 55 55 55 55 55 55 55 55 55 55 55 55 55 55 55 55 55 55 55 55 55 55 55 55 55 55 55 55 55 55 55 56 56 56 56
51 51 52 52 52 52 51 51 52 52 52 52 52 52 52 52 53 53 53 53 53 53 53 53 53 53 53 53 53 53 53 53 54 54 53 53 53 53 54 54 53 53 53 54 54 54 54 54 55 55 54 54 54 54 55 55 52 52 53 53 54 55 55 55 55 55 55 55 55 55 55 55 55 55 55 55 55 55 55 55 55 55 55 55 55 55 55 55 55 55 55 55 55 55 55 55 56 56 56 56
51 51 52 52 52 52 51 51 52 52 52 52 52 52 52 52 53 53 53 53 53 53 53 53 53 53 53 53 53 53 53 53 54 54 53 53 53 53 54 54 53 53 54 54 54 54 55 55 56 55 54 53 53 54 55 56 53 53 53 54 54 55 55 55 55 55 55 55 55 55 55 55 55 55 55 55 55 55 55 55 55 55 55 55 55 55 55 55 55 55 55 55 55 55 55 55 56 56 56 56
51 51 52 52 52 52 51 51 52 52 52 52 52 52 52 52 54 54 54 54 54 54 54 54 54 54 54 54 54 54 54 54 54 54 53 53 53 53 54 54 54 54 54 54 54 55 55 55 56 55 54 53 53 54 55 56 53 54 54 54 54 55 55 55 55 55 55 55 55 55 55 55 55 55 55 55 55 55 55 55 55 55 55 55 55 55 55 55 55 55 55 55 55 55 55 55 56 56 56 56
51 51 52 52 52 52 51 51 52 52 52 52 52 52 52 52 54 54 54 54 54 54 54 54 54 54 54 54 54 54 54 54 54 54 53 53 53 53 54 54 54 54 54 55 55 55 55 55 56 55 54 53 53 54 55 56 54 54 54 55 55 55 55 55 55 55 55 55 55 55 55 55 55 55 55 55 55 55 55 55 55 55 55 55 55 55 55 55 55 55 55 55 55 55 55 55 56 56 56 56
51 51 52 52 52 52 51 51 52 52 52 52 52 52 52 52 54 54 54 54 54 54 54 54 54 54 54 54 54 54 54 54 54 54 53 53 53 53 54 54 54 54 55 55 55 55 56 56 56 55 54 53 53 54 55 56 55 55 55 55 55 55 55 55 55 55 55 55 55 55 55 55 55 55 55 55 55 55 55 55 55 55 55 55 55 55 55 55 55 55 55 55 55 55 55 55 56 56 56 56
51 51 52 52 52 52 51 51 52 52 52 52 52 52 52 52 54 54 54 54 54 54 54 54 54 54 54 54 54 54 54 54 54 54 53 53 53 53 54 54 55 55 55 55 55 56 56 56 55 55 54 54 54 54 55 55 56 56 55 55 55 55 55 55 55 55 55 55 55 55 55 55 55 55 55 55 55 55 55 55 55 55 55 55 55 55 55 55 55 55 55 55 55 55 55 55 56 56 56 56
51 51 52 52 52 52 51 51 52 52 52 52 52 52 52 52 55 55 55 55 55 55 55 55 55 55 55 55 55 55 55 55 54 54 53 53 53 53 54 54 55 55 55 55 56 56 56 56 54 54 55 55 55 55 54 54 56 56 56 55 55 55 55 55 55 55 55 55 55 55 55 55 55 55 55 55 55 55 55 55 55 55 55 55 55 55 55 55 55 55 55 55 55 55 55 55 56 56 56 56
51 52 52 52 52 52 52 51 51 51 51 51 51 51 51 51 54 54 54 54 54 54 54 54 53 53 53 53 53 53 53 53 53 53 53 54 54 54 54 54 55 55 55 55 55 55 55 55 55 55 55 55 55 55 55 55 55 55 55 55 55 55 55 55 55 55 55 55 55 55 55 55 55 55 55 55 55 55 55 55 55 55 55 55 55 55 55 55 55 55 55 55 55 55 55 55 56 56 56 56
51 51 52 52 52 52 51 51 51 51 51 51 51 51 51 51 54 54 54 54 54 54 54 54 53 53 53 53 53 53 53 53 53 53 53 54 54 54 54 54 55 55 55 55 55 55 55 55 55 55 55 55 55 55 55 55 55 55 55 55 55 55 55 55 55 55 55 55 55 55 55 55 55 55 55 55 55 55 55 55 55 55 55 55 55 55 55 55 55 55 55 55 55 55 55 55 56 56 56 56
51 51 52 52 52 52 51 51 51 51 51 51 51 51 51 51 54 54 54 54 54 54 54 54 53 53 53 53 53 53 53 53 53 53 54 54 54 54 55 55 55 55 55 55 55 55 55 55 55 55 55 55 55 55 55 55 55 55 55 55 55 55 55 55 55 55 55 55 55 55 55 55 55 55 55 55 55 55 55 55 55 55 55 55 55 55 55 55 55 55 55 55 55 55 55 55 56 56 56 56
51 51 52 52 52 52 51 51 51 51 51 51 51 51 51 51 54 54 54 54 54 54 54 54 54 54 54 54 54 54 54 54 54 54 54 54 54 55 55 55 55 55 55 55 55 55 55 55 55 55 55 55 55 55 55 55 55 55 55 55 55 55 55 55 55 55 55 55 55 55 55 55 55 55 55 55 55 55 55 55 55 55 55 55 55 55 55 55 55 55 55 55 55 55 55 55 56 56 56 56
51 51 52 52 52 52 51 51 51 51 51 51 51 51 51 51 54 54 54 54 54 54 54 54 54 54 54 54 54 54 54 54 54 54 54 55 55 55 55 55 55 55 55 55 55 55 55 55 55 55 55 55 55 55 55 55 55 55 55 55 55 55 55 55 55 55 55 55 55 55 55 55 55 55 55 55 55 55 55 55 55 55 55 55 55 55 55 55 55 55 55 55 55 55 55 55 56 56 56 56
51 51 52 52 52 52 51 51 51 51 51 51 51 51 51 51 54 54 54 54 54 54 54 54 54 54 54 54 54 54 54 54 54 54 55 55 55 55 56 56 55 55 55 55 55 55 55 55 55 55 55 55 55 55 55 55 55 55 55 55 55 55 55 55 55 55 55 55 55 55 55 55 55 55 55 55 55 55 55 55 55 55 55 55 55 55 55 55 55 55 55 55 55 55 55 55 56 56 56 56
51 51 52 52 52 52 51 51 51 51 51 51 51 51 51 51 54 54 54 54 54 54 54 54 54 54 54 54 54 54 54 54 55 55 55 55 55 56 56 56 55 55 55 55 55 55 55 55 55 55 55 55 55 55 55 55 55 55 55 55 55 55 55 55 55 55 55 55 55 55 55 55 55 55 55 55 55 55 55 55 55 55 55 55 55 55 55 55 55 55 55 55 55 55 55 55 56 56 56 56
51 51 52 52 52 52 51 51 51 51 51 51 51 51 51 51 54 54 54 54 54 54 54 54 55 55 55 55 55 55 55 55 55 55 55 55 56 56 56 56 55 55 55 55 55 55 55 55 55 55 55 55 55 55 55 55 55 55 55 55 55 55 55 55 55 55 55 55 55 55 55 55 55 55 55 55 55 55 55 55 55 55 55 55 55 55 55 55 55 55 55 55 55 55 55 55 56 56 56 56
53 53 53 53 53 53 53 53 55 55 55 55 55 55 55 55 54 54 54 54 55 55 55 55 55 55 55 55 55 55 55 55 56 56 56 56 56 56 56 56 56 56 56 56 56 56 56 56 55 55 55 55 55 55 55 55 56 56 56 56 56 56 56 56 56 56 56 56 56 56 56 56 57 57 57 57 57 57 57 57 56 56 56 56 56 56 56 56 57 57 57 57 57 57 57 57 56 56 56 56
53 53 53 53 53 53 53 53 55 55 55 55 55 55 55 55 54 54 54 54 55 55 55 55 55 55 55 55 55 55 55 55 56 56 56 56 56 56 56 56 56 56 56 56 56 56 56 56 56 56 56 56 56 56 56 56 56 56 56 56 56 56 56 56 56 56 56 56 56 56 56 56 57 57 57 57 57 57 57 57 56 56 56 56 56 56 56 56 57 57 57 57 57 57 57 57 56 56 56 56
53 53 53 53 53 53 53 53 55 55 55 55 55 55 55 55 54 54 54 54 55 55 55 55 55 55 55 55 55 55 55 55 56 56 56 56 56 56 56 56 56 56 56 56 56 56 56 56 56 56 56 56 56 56 56 56 56 56 56 56 56 56 56 56 56 56 56 56 56 56 56 56 57 57 57 57 57 57 57 57 56 56 56 56 56 56 56 56 57 57 57 57 57 57 57 57 56 56 56 56
54 54 54 54 54 54 54 54 55 55 55 55 55 55 55 55 54 54 54 54 55 55 55 55 55 55 55 55 55 55 55 55 56 56 56 56 56 56 56 56 56 56 56 56 56 56 56 56 56 56 56 56 56 56 56 56 56 56 56 56 56 56 56 56 56 56 56 56 56 56 56 56 57 57 57 57 57 57 57 57 56 56 56 56 56 56 56 56 57 57 57 57 57 57 57 57 56 56 56 56
54 54 54 54 54 54 54 54 55 55 55 55 55 55 55 55 54 54 54 54 55 55 55 55 55 55 55 55 55 55 55 55 56 56 56 56 56 56 56 56 56 56 56 56 56 56 56 56 56 56 56 56 56 56 56 56 56 56 56 56 56 56 56 56 56 56 56 56 56 56 56 56 57 57 57 57 57 57 57 57 56 56 56 56 56 56 56 56 57 57 57 57 57 57 57 57 56 56 56 56
54 54 54 54 54 54 54 54 55 55 55 55 55 55 55 55 54 54 54 54 55 55 55 55 55 55 55 55 55 55 55 55 56 56 56 56 56 56 56 56 56 56 56 56 56 56 56 56 57 57 57 57 57 57 57 57 56 56 56 56 56 56 56 56 56 56 56 56 56 56 56 56 57 57 57 57 57 57 57 57 56 56 56 56 56 56 56 56 57 57 57 57 57 57 57 57 56 56 56 56
54 54 54 54 54 54 54 54 55 55 55 55 55 55 55 55 54 54 54 54 55 55 55 55 55 55 55 55 55 55 55 55 56 56 56 56 56 56 56 56 56 56 56 56 56 56 56 56 57 57 57 57 57 57 57 57 56 56 56 56 56 56 56 56 56 56 56 56 56 56 56 56 57 57 57 57 57 57 57 57 56 56 56 56 56 56 56 56 57 57 57 57 57 57 57 57 56 56 56 56
55 55 55 55 55 55 55 55 55 55 55 55 55 55 55 55 54 54 54 54 55 55 55 55 55 55 55 55 55 55 55 55 56 56 56 56 56 56 56 56 56 56 56 56 56 56 56 56 57 57 57 57 57 57 57 57 56 56 56 56 56 56 56 56 56 56 56 56 56 56 56 56 57 57 57 57 57 57 57 57 56 56 56 56 56 56 56 56 57 57 57 57 57 57 57 57 56 56 56 56
55 55 55 55 55 55 55 55 55 55 55 55 55 55 55 55 55 55 55 55 55 55 55 55 55 55 55 55 54 54 54 54 55 55 55 55 55 55 55 55 54 54 55 55 56 56 56 57 56 56 56 56 56 56 56 56 57 57 57 57 57 57 57 57 57 57 57 57 57 57 57 57 57 57 57 57 57 57 57 57 57 57 57 57 57 57 57 57 57 57 57 57 57 57 57 57 57 57 57 57
55 55 55 55 55 55 55 55 55 55 55 55 55 55 55 55 55 55 55 55 55 55 55 55 55 55 55 55 54 54 54 54 56 56 56 56 56 56 56 56 54 55 55 55 56 56 56 57 56 56 56 56 56 56 56 56 57 57 57 57 57 57 57 57 57 57 57 57 57 57 57 57 57 57 57 57 57 57 57 57 57 57 57 57 57 57 57 57 57 57 57 57 57 57 57 57 57 57 57 57
55 55 55 55 55 55 55 55 55 55 55 55 55 55 55 55 55 55 55 55 55 55 55 55 55 55 55 55 54 54 54 54 56 56 56 56 56 56 56 56 55 55 55 56 56 56 56 56 56 56 56 56 56 56 56 56 57 57 57 57 57 57 57 57 57 57 57 57 57 57 57 57 57 57 57 57 57 57 57 57 57 57 57 57 57 57 57 57 57 57 57 57 57 57 57 57 57 57 57 57
55 55 55 55 55 55 55 55 55 55 55 55 55 55 55 55 55 55 55 55 55 55 55 55 55 55 55 55 54 54 54 54 56 56 56 56 56 56 56 56 56 56 56 56 56 56 56 56 56 56 56 56 56 56 56 56 57 57 57 57 57 57 57 57 57 57 57 57 57 57 57 57 57 57 57 57 57 57 57 57 57 57 57 57 57 57 57 57 57 57 57 57 57 57 57 57 57 57 57 57
55 55 55 55 55 55 55 55 55 55 55 55 55 55 55 55 55 55 55 55 55 55 55 55 55 55 55 55 54 54 54 54 56 56 56 56 56 56 56 56 57 57 57 56 56 56 56 56 56 56 56 56 56 56 56 56 57 57 57 57 57 57 57 57 57 57 57 57 57 57 57 57 57 57 57 57 57 57 57 57 57 57 57 57 57 57 57 57 57 57 57 57 57 57 57 57 57 57 57 57
55 55 55 55 55 55 55 55 55 55 55 55 55 55 55 55 55 55 55 55 55 55 55 55 55 55 55 55 54 54 54 54 57 57 57 57 57 57 57 57 57 57 57 57 57 56 56 56 56 56 56 56 56 56 56 56 57 57 57 57 57 57 57 57 57 57 57 57 57 57 57 57 57 57 57 57 57 57 57 57 57 57 57 57 57 57 57 57 57 57 57 57 57 57 57 57 57 57 57 57
55 55 55 55 55 55 55 55 55 55 55 55 55 55 55 55 55 55 55 55 55 55 55 55 55 55 55 55 54 54 54 54 57 57 57 57 57 57 57 57 58 58 58 57 57 56 56 56 56 56 56 56 56 56 56 56 57 57 57 57 57 57 57 57 57 57 57 57 57 57 57 57 57 57 57 57 57 57 57 57 57 57 57 57 57 57 57 57 57 57 57 57 57 57 57 57 57 57 57 57
55 55 55 55 55 55 55 55 55 55 55 55 55 55 55 55 55 55 55 55 55 55 55 55 55 55 55 55 54 54 54 54 57 57 57 57 57 57 57 57 58 58 58 57 57 56 56 56 56 56 56 56 56 56 56 56 57 57 57 57 57 57 57 57 57 57 57 57 57 57 57 57 57 57 57 57 57 57 57 57 57 57 57 57 57 57 57 57 57 57 57 57 57 57 57 57 57 57 57 57
55 55 55 55 55 55 55 55 55 55 55 55 55 55 55 55 55 55 55 55 55 55 55 55 55 55 55 55 56 56 56 56 56 56 56 56 56 56 56 56 55 55 55 55 55 55 55 55 56 56 56 56 56 56 56 56 56 56 56 56 56 56 56 56 57 57 57 57 57 57 57 57 57 57 57 57 57 57 57 57 57 57 57 57 57 57 57 57 57 57 57 57 57 57 57 57 57 57 57 57
55 55 55 55 55 55 55 55 55 55 55 55 55 55 55 55 55 55 55 55 55 55 55 55 55 55 55 55 56 56 56 56 56 56 56 56 56 56 56 56 56 56 56 56 56 56 56 56 56 56 56 56 56 56 56 56 56 56 56 56 56 56 56 56 57 57 57 57 57 57 57 57 57 57 57 57 57 57 57 57 57 57 57 57 57 57 57 57 57 57 57 57 57 57 57 57 57 57 57 57
55 55 55 55 55 55 55 55 55 55 55 55 55 55 55 55 55 55 55 55 55 55 55 55 55 55 55 56 56 56 56 56 57 57 57 57 57 57 57 57 56 56 56 56 56 56 56 56 56 56 56 56 56 56 56 56 56 56 56 56 56 56 56 56 57 57 57 57 57 57 57 57 57 57 57 57 57 57 57 57 57 57 57 57 57 57 57 57 57 57 57 57 57 57 57 57 57 57 57 57
55 55 55 55 55 55 55 55 55 55 55 55 55 55 55 55 55 55 55 55 55 55 55 55 55 55 56 56 56 56 57 57 57 57 57 57 57 57 57 57 56 56 56 56 56 56 56 56 56 56 56 56 56 56 56 56 56 56 56 56 56 56 56 56 57 57 57 57 57 57 57 57 57 57 57 57 57 57 57 57 57 57 57 57 57 57 57 57 57 57 57 57 57 57 57 57 57 57 57 57
